train size:200 test size:40
train_time_ave: 25.68063724040985 test_time_ave: 2.5287476062774656
train_acc_ave: 26.55 test_acc_ave: 17.25
train size:240 test size:40
train_time_ave: 31.730690813064577 test_time_ave: 2.597150707244873
train_acc_ave: 26.125 test_acc_ave: 18.25
train size:280 test size:40
train_time_ave: 38.11174480915069 test_time_ave: 2.6729283571243285
train_acc_ave: 26.14285714285714 test_acc_ave: 17.0
